1 112 113 1071219
1 112 113 263836
1 1307 1308 1227987
1 1307 1308 120381
1 1307 1308 12397
1 1394 1395 144966
1 1761 1762 247873
1 1761 1762 2294
1 1327 7 3087
1 1327 7 3097
1 1725 1922 197200
1 1725 1922 7186
1 1956 1957 5942
1 1956 1957 3303
1 1956 1957 5942
1 1956 1957 3303
1 1761 2294 247873
1 2266 2583 907077
1 3227 3062 9525
1 2266 2248 907077
1 2266 2248 2583
1 1956 3303 5942
1 4612 4508 6377
1 4839 788 174518
1 4839 788 295501
1 4839 788 25273
1 4839 788 17898
1 4747 2723 15008
1 5241 5519 93793
1 5241 5519 174813
1 5241 5519 56393
1 5241 5519 19731
1 5241 5519 19731
1 4839 788 174518
1 4839 788 295501
1 4839 788 25273
1 4839 788 17898
1 3944 6126 287899
1 3944 6126 42953
1 6632 6713 36140
1 6632 6713 7878
1 522 6839 200268
1 522 6839 165841
1 4500 4655 6873
1 7237 7226 353514
1 6684 4910 6814
1 6684 4910 6814
1 5845 6323 21586
1 5845 6323 7015
1 7873 4082 31505
1 7873 4082 33483
1 7873 4082 31505
1 7873 4082 25220
1 1725 7186 197200
1 8370 8371 100694
1 8370 8371 48116
1 8370 8371 29894
1 8415 1626 8752
1 8415 1626 4481
1 8415 4481 8752
1 8751 8184 41653
1 5777 9365 925994
1 5777 9365 1117025
1 5777 9365 946781
1 5777 9365 791950
1 5777 9365 751563
1 5777 9365 544225
1 7743 3213 8074
1 7743 3213 5809
1 8738 9754 655166
1 8738 9754 346452
1 10557 10558 23487
1 10557 10558 23487
1 4489 10834 933496
1 4489 10834 768099
1 4489 10834 768099
1 4489 10834 75193
1 4489 10834 14560
1 4489 10834 933496
1 4489 10834 768099
1 4489 10834 768099
1 4489 10834 75193
1 4489 10834 14560
1 11167 11175 1148427
1 11167 11175 1148427
1 11167 11175 28979
1 11167 11175 13771
1 11199 10872 22300
1 11199 10872 14960
1 10557 10558 23487
1 11167 5206 1148427
1 11167 5206 1148427
1 11167 5206 28979
1 11167 5206 13771
1 11167 5206 11175
1 11167 5206 1148427
1 11167 5206 1148427
1 11167 5206 28979
1 11167 5206 13771
1 11167 5206 11175
1 10557 10558 23487
1 12143 10783 38149
1 1513 1514 143428
1 1513 1514 143428
1 1513 1514 1516
1 1513 1516 143428
1 1513 1516 143428
1 1635 1097 13082
1 1518 2056 6353
1 1518 2056 6353
1 2948 2944 746875
1 2948 2944 360444
1 2948 2944 273920
1 2948 2944 385033
1 2948 2944 374691
1 2686 2951 10955
1 3687 4100 350824
1 3687 4100 14718
1 4204 4767 512575
1 4858 3292 4802
1 4858 3292 4859
1 4936 4937 208317
1 4858 4802 4859
1 1503 4474 11763
1 1503 4474 13027
1 4811 2346 13630
1 4811 2346 6769
1 5755 5756 5975
1 5541 2266 1364556
1 4608 5964 1399584
1 4608 5964 1013419
1 4608 5964 183526
1 4961 6105 183948
1 4961 6105 61958
1 4608 980 1399584
1 4608 980 1013419
1 4608 980 183526
1 4608 980 5964
1 4608 980 1399584
1 4608 980 1013419
1 4608 980 183526
1 4608 980 5964
1 7179 7180 106862
1 1147 212 732770
1 1147 212 356960
1 1147 212 22496
1 1147 212 22496
1 7510 7511 470336
1 7144 4500 536473
1 7144 4500 556914
1 7144 4500 171504
1 917 6687 30887
1 8879 8880 106144
1 8879 8880 109035
1 8847 9047 55869
1 9158 7946 306578
1 8585 10748 26988
1 4201 2552 161374
1 4201 2552 63200
1 4201 2552 161374
1 4201 2552 63200
1 11316 11269 1334713
1 11316 11269 157890
1 11316 11269 170794
1 11316 11269 16949
1 7144 1343 536473
1 7144 1343 556914
1 7144 1343 171504
1 7144 1343 4500
1 11667 10423 412536
1 8755 12309 22195
1 8755 12309 12390
1 8755 12390 22195
1 231 679 366215
1 231 679 1580
1 231 679 14602
1 231 679 14602
1 231 679 15844
1 1044 1697 135082
1 1044 1697 64722
1 1044 1697 42703
1 1044 1697 5268
1 1044 1697 5268
1 1044 1697 2105
1 1744 1745 1426651
1 2019 2020 131642
1 1044 2105 135082
1 1044 2105 64722
1 1044 2105 42703
1 1044 2105 5268
1 1044 2105 5268
1 3106 3443 77459
1 3541 3542 364388
1 3106 2483 77459
1 3106 2483 3443
1 3861 2310 25013
1 3861 2310 181503
1 3861 2310 7354
1 3697 1607 62262
1 3106 1005 77459
1 3106 1005 2483
1 3106 1005 3443
1 3861 2310 25013
1 3861 2310 181503
1 3861 2310 7354
1 4354 4355 275678
1 4354 4355 555398
1 4354 4355 64619
1 4354 4355 64619
1 4645 4646 305250
1 4645 4646 68582
1 3124 4863 839591
1 4488 5241 28123
1 1044 5268 135082
1 1044 5268 64722
1 1044 5268 42703
1 1044 5268 135082
1 1044 5268 64722
1 1044 5268 42703
1 5521 7 168466
1 5521 7 17806
1 5521 7 430625
1 5521 7 327294
1 5521 7 89222
1 3967 2044 183780
1 5847 2956 12823
1 5847 2956 174151
1 5847 2956 32961
1 5847 2956 44866
1 289 5077 641122
1 289 5077 58554
1 289 5077 7717
1 3861 7354 25013
1 3861 7354 181503
1 7396 3999 1311881
1 7396 3999 20547
1 289 7717 641122
1 289 7717 58554
1 4645 4545 305250
1 4645 4545 68582
1 4645 4545 4646
1 4645 4545 305250
1 4645 4545 68582
1 4645 4545 4646
1 7701 8074 8151
1 8617 811 86006
1 8911 8882 880758
1 8911 8882 17117
1 9929 9930 59283
1 879 4465 25885
1 879 4465 18700
1 10360 4123 31665
1 6095 10441 921769
1 11150 11151 1218908
1 11150 11151 931139
1 11150 11151 401091
1 11150 11151 12823
1 11150 11151 175538
1 11150 11151 175538
1 11137 8679 1109862
1 11137 8679 1109862
1 11137 8679 11098
1 11137 11098 1109862
1 11137 11098 1109862
1 2798 9550 512552
1 2798 9550 485893
1 9595 12174 792721
1 9595 12174 417804
1 9595 12174 90275
1 9595 12174 156854
1 9595 12174 14822
1 408 722 15570
1 1053 1041 180534
1 1053 1041 180534
1 1445 1451 317231
1 1445 1451 317231
1 1445 1451 317231
1 1794 503 4435
1 1794 503 2338
1 1794 503 2347
1 1794 2347 4435
1 2562 2563 4194
1 3209 3190 3212
1 3209 3183 3212
1 3209 3183 3190
1 2562 2366 4194
1 2562 2366 2563
1 546 3593 115933
1 1126 3264 13582
1 1126 3264 5532
1 3886 1085 84234
1 3886 1085 1471
1 3886 1471 84234
1 4701 2949 1586264
1 1126 5532 13582
1 4702 5471 976584
1 4702 5471 8060
1 6303 6198 68457
1 6834 7024 57670
1 6834 7024 12804
1 1794 2338 4435
1 1794 2338 2347
1 4702 2985 976584
1 4702 2985 3073
1 4702 2985 8060
1 4702 2985 5471
1 7470 4655 150887
1 7470 4655 7735
1 7470 7735 150887
1 8021 8022 8023
1 4702 8060 976584
1 8070 7175 288507
1 793 8213 1275968
1 793 8213 357200
1 2996 6235 807475
1 6940 4852 8164
1 9675 1780 49438
1 4702 3073 976584
1 4702 3073 8060
1 4702 3073 5471
1 10665 9253 607854
1 10665 9253 478803
1 11242 8753 571918
1 11358 11316 415567
1 9471 4953 9283
1 9471 4953 9283
1 11551 11533 53688
1 5562 4270 5036
1 163 865 295746
1 1153 1154 2413
1 1153 1154 2489
1 1153 1154 2413
1 1153 1154 2489
1 1439 1440 67424
1 642 1758 6757
1 2483 2484 138606
1 2483 2484 138606
1 2483 2484 15779
1 1153 2413 2489
1 3014 1987 99020
1 3014 1987 99020
1 3014 1987 8365
1 3014 1987 8365
1 2031 2424 5215
1 3388 4448 22529
1 3388 4448 22529
1 3568 4522 7288
1 3568 4522 5647
1 5467 5468 28385
1 5467 5468 28385
1 5467 5468 28385
1 5467 5468 28385
1 3568 5647 7288
1 2943 3832 20311
1 6245 6246 765555
1 6245 6246 710524
1 6245 6246 284807
1 6245 6246 6247
1 6245 6247 765555
1 6245 6247 710524
1 6245 6247 284807
1 5923 6603 359969
1 5923 6603 483172
1 6374 5077 6566
1 2525 4568 285439
1 1940 5610 961013
1 1940 5610 50862
1 5713 8041 21156
1 180 8166 311137
1 180 8166 53700
1 7281 8404 8449
1 8533 8290 9658
1 3014 8365 99020
1 3014 8365 99020
1 3014 8365 99020
1 3014 8365 99020
1 9875 8156 26657
1 9875 8156 26657
1 9875 8156 24459
1 10278 10683 1352463
1 10278 10683 1352463
1 10278 10683 1352463
1 11072 11136 11835
1 11175 4862 80901
1 11175 4862 9307
1 1045 1046 6260
1 1132 1011 3546
1 1132 1011 3545
1 1132 1011 1297
1 1132 1011 1173
1 1132 1011 1137
1 1132 1137 3546
1 1132 1137 3545
1 1132 1137 1297
1 1132 1137 1173
1 1132 1173 3546
1 1132 1173 3545
1 1132 1173 1297
1 832 1251 247212
1 1375 1380 2240
1 1375 1380 2650
1 1375 1380 2240
1 1375 1380 2650
1 1536 1537 397365
1 1536 1537 397365
1 1908 1909 1253348
1 1908 1909 5456
1 1375 2240 2650
1 2941 2942 5486
1 2941 2942 2947
1 2941 2942 2947
1 2941 2942 2944
1 2941 2944 5486
1 2941 2944 2947
1 2941 2944 2947
1 2870 2440 2579
1 2870 2440 2949
1 2941 2947 5486
1 2870 2056 2579
1 2870 2056 2440
1 2870 2056 2949
1 2870 2056 2440
1 2941 2947 5486
1 2870 2440 2579
1 2870 2440 2949
1 2870 2579 2949
1 3141 1179 440550
1 3141 1179 150022
1 3141 1179 10885
1 3141 1179 4753
1 1132 1297 3546
1 1132 1297 3545
1 1132 3545 3546
1 1132 1011 3546
1 1132 1011 3545
1 1132 1011 1297
1 1132 1011 1173
1 1132 1011 1137
1 3644 1607 1357360
1 3970 3074 890417
1 3970 3074 114045
1 3970 3074 37073
1 3970 3074 236007
1 4135 4210 653444
1 4135 4210 24273
1 4135 4210 15816
1 4135 4210 6716
1 4135 4210 4310
1 4135 4310 653444
1 4135 4310 24273
1 4135 4310 15816
1 4135 4310 6716
1 5108 3416 437407
1 5108 3416 437407
1 5108 3416 78971
1 5108 3416 315335
1 5108 3416 399668
1 5108 3416 399668
1 4358 3750 7049
1 4358 3750 6460
1 4859 5279 145899
1 4859 5279 13983
1 5572 2512 134861
1 5572 2512 17177
1 3141 1095 440550
1 3141 1095 150022
1 3141 1095 10885
1 3141 1095 4753
1 3141 1095 1179
1 4207 3208 259743
1 4207 3208 206147
1 4207 3208 5765
1 4207 3208 5992
1 4207 3208 259743
1 4207 3208 206147
1 4207 3208 5765
1 4207 3208 5992
1 4207 3208 259743
1 4207 3208 206147
1 4207 3208 5765
1 4207 3208 5992
1 2910 3647 5054
1 4859 3556 145899
1 4859 3556 13983
1 4859 3556 5279
1 4207 5992 259743
1 4207 5992 206147
1 6625 550 8151
1 6625 550 8571
1 4135 6716 653444
1 4135 6716 24273
1 4135 6716 15816
1 4010 6891 864481
1 4010 6891 253371
1 4010 6891 106193
1 3141 4753 440550
1 3141 4753 150022
1 3141 4753 10885
1 4358 6460 7049
1 5480 6239 6814
1 7145 6855 18774
1 2579 7588 297653
1 2910 153 3647
1 2910 153 5054
1 2910 153 3647
1 2910 153 5054
1 8228 4562 51964
1 8228 4562 53508
1 8228 4562 24910
1 8228 4562 48557
1 8228 4562 41476
1 5033 7175 902085
1 5033 7175 902085
1 5033 7175 18774
1 5033 7175 13619
1 2294 8593 334773
1 2294 8593 11428
1 2294 8593 19493
1 8649 8312 9913
1 2294 8593 334773
1 2294 8593 11428
1 2294 8593 19493
1 6625 8151 8571
1 6625 412 8151
1 6625 412 8571
1 6625 412 550
1 9448 9449 72311
1 9448 9449 48413
1 4681 9188 33158
1 3141 10885 440550
1 3141 10885 150022
1 11166 4345 1467122
1 1142 8342 492553
1 1142 8342 492553
1 8411 12096 31429
1 8411 12096 163883
1 323 565 835594
1 323 565 835594
1 323 565 835594
1 323 565 835594
1 323 565 835594
1 708 4 173841
1 708 4 173841
1 569 1060 4604
1 326 2036 95542
1 326 2036 95542
1 1491 3093 3122
1 3414 3010 6010
1 3414 3010 6883
1 1491 2893 3122
1 1491 2893 3093
1 3637 3125 4950
1 3637 3125 4127
1 3637 3125 3596
1 3637 3125 4009
1 3637 4009 4950
1 3637 4009 4127
1 1663 2303 320685
1 4315 3221 30572
1 4315 3221 30572
1 3637 3596 4950
1 3637 3596 4127
1 3637 3596 4009
1 3637 4127 4950
1 5584 5050 12132
1 5808 5809 12634
1 5808 5809 13918
1 4668 4287 259196
1 4668 4287 12067
1 4668 4287 6158
1 4668 6158 259196
1 4668 6158 12067
1 6953 6582 7076
1 7342 7617 316720
1 8324 8325 522346
1 8324 8325 523354
1 8324 8325 397780
1 8324 8325 140908
1 8324 8325 48745
1 8324 8325 15978
1 8324 8325 15978
1 7557 8675 305442
1 8324 415 522346
1 8324 415 523354
1 8324 415 397780
1 8324 415 140908
1 8324 415 48745
1 8324 415 15978
1 8324 415 15978
1 8324 415 8325
1 8991 8358 188418
1 8991 8358 52901
1 8991 8358 36013
1 8991 8358 31006
1 6613 9120 11685
1 9185 8342 36914
1 9518 9116 411479
1 9518 9116 543114
1 9518 9116 365658
1 9518 9116 411479
1 9518 9116 543114
1 9518 9116 365658
1 10602 8469 25613
1 10617 8233 516229
1 10617 8233 38693
1 10617 8233 279575
1 10617 8233 102909
1 10704 7829 275988
1 10704 7829 10941
1 10704 10941 275988
1 8122 11220 135462
1 8122 11220 58594
1 2542 11730 362048
1 12122 11811 424782
1 12122 8079 424782
1 12122 8079 11811
1 1701 7758 197605
1 317 543 900229
1 317 543 341440
1 317 543 341440
1 317 543 439136
1 317 543 341440
1 850 732 11939
1 850 732 11939
1 784 90 7372
1 784 90 5858
1 784 90 5858
1 1864 1865 220746
1 2726 2913 416400
1 2726 2913 416400
1 2726 2913 416400
1 2726 2913 12529
1 3403 3185 648641
1 3403 3185 57278
1 3403 3185 52203
1 1097 3498 367916
1 2674 3797 5386
1 2674 3797 14736
1 3957 2572 472180
1 3682 1987 3812
1 2084 4509 9275
1 1945 2005 113397
1 6165 5762 23062
1 784 5858 7372
1 784 5858 7372
1 7904 7905 57325
1 4569 8150 11056
1 8300 2644 122053
1 8300 2644 122053
1 8300 2644 123374
1 8300 2644 50284
1 6814 8647 260400
1 6814 8647 141161
1 8745 8746 68636
1 8745 8746 29060
1 9053 9054 9895
1 9053 9054 9895
1 8759 9132 26041
1 8759 9132 21807
1 3583 7946 28404
1 9543 1655 1605079
1 9543 1655 646963
1 9543 1655 335014
1 1003 9698 1139594
1 1003 9698 1060475
1 1003 9698 574325
1 10200 1098 7243
1 10200 1098 10201
1 10553 10580 20584
1 10553 10580 10608
1 10553 10608 20584
1 6550 10509 1451063
1 6550 10509 22805
1 10701 10251 32871
1 10701 10251 21876
1 10797 6060 16869
1 10811 1198 18914
1 10200 7243 10201
1 10799 11274 50889
1 9517 11360 165072
1 9517 11360 52817
1 11718 9547 547541
1 9794 12032 16043
1 9794 12032 12096
1 12033 10807 12007
1 839 842 27322
1 839 571 27322
1 839 571 842
1 839 317 27322
1 839 317 571
1 839 317 842
1 1393 332 12458
1 2014 1989 6023
1 2014 1989 2016
1 2014 2016 6023
1 1479 2070 1002399
1 2997 2272 203996
1 2997 2272 9358
1 3170 2272 37725
1 3170 2272 19657
1 3170 2272 11537
1 3170 2272 3232
1 3170 3232 37725
1 3170 3232 19657
1 3170 3232 11537
1 1095 1374 3706
1 1095 1374 3706
1 3960 1142 3966
1 5122 5123 209594
1 3473 5455 1255758
1 3473 5455 327245
1 3473 5455 313025
1 5780 5546 1429787
1 5780 5546 1429787
1 5780 5546 1220160
1 5780 5546 1131202
1 5780 5546 872944
1 5780 5546 872944
1 5780 5546 872944
1 5780 5546 462155
1 5780 5546 1429787
1 5780 5546 1429787
1 5780 5546 1220160
1 5780 5546 1131202
1 5780 5546 872944
1 5780 5546 872944
1 5780 5546 872944
1 5780 5546 462155
1 4568 5933 498062
1 4568 5933 103159
1 4568 5933 7454
1 4568 7454 498062
1 4568 7454 103159
1 7139 6377 611365
1 7139 6377 611365
1 7139 6377 25652
1 7139 6377 611365
1 7139 6377 611365
1 7139 6377 25652
1 7139 6377 611365
1 7139 6377 611365
1 7139 6377 25652
1 7139 6377 611365
1 7139 6377 611365
1 7139 6377 25652
1 4175 8119 537354
1 8367 8366 14835
1 8367 8366 11227
1 8367 8366 11133
1 8442 8679 13440
1 8442 8679 9096
1 8442 9096 13440
1 4761 9161 17761
1 418 9030 397708
1 418 9030 600991
1 418 9030 218151
1 418 9030 178690
1 8892 6107 43121
1 10381 9253 13533
1 8367 11133 14835
1 8367 11133 11227
1 8367 11227 14835
1 524 9674 15638
1 3170 11537 37725
1 3170 11537 19657
1 8860 6530 495650
1 1146 1093 2507
1 1237 1238 11909
1 1237 1238 11842
1 1698 1699 46110
1 1849 232 2017
1 1489 503 750407
1 1516 2342 334783
1 1516 2342 173057
1 1516 2342 17748
1 2375 2376 13726
1 2375 2376 4285
1 2375 2376 4492
1 1800 2551 3463
1 2777 2778 11485
1 2375 4492 13726
1 3469 4481 20401
1 2375 4285 13726
1 2375 4285 4492
1 4503 2701 7848
1 4849 1179 4749
1 5195 4641 822056
1 5195 4641 221591
1 5379 5050 334202
1 5379 5050 334202
1 5379 5050 267887
1 5379 5050 89941
1 5379 5050 23671
1 5379 5050 6971
1 5177 6511 119247
1 5379 6971 334202
1 5379 6971 334202
1 5379 6971 267887
1 5379 6971 89941
1 5379 6971 23671
1 7123 6545 25152
1 7123 6545 9624
1 7421 7175 26760
1 8690 8691 30928
1 8778 9180 10315
1 8778 9180 10315
1 8778 9180 9654
1 9499 9358 46232
1 7123 9624 25152
1 9631 9504 207645
1 9664 9642 15998
1 7857 9492 267986
1 7421 6734 26760
1 7421 6734 7175
1 9499 8337 46232
1 9499 8337 9358
1 11268 11440 329178
1 8778 9654 10315
1 8778 9654 10315
1 11807 431 19973
1 11807 431 19973
1 11807 431 5982
1 1237 11842 11909
1 11943 11984 930790
1 11593 11947 15317
1 11593 11947 12359
1 12296 4966 65767
1 695 883 1110648
1 695 883 152041
1 695 883 228796
1 695 883 228796
1 695 883 45810
1 918 296 354413
1 918 296 70076
1 918 296 5881
1 1559 1560 188520
1 1559 1560 104582
1 1807 1676 492233
1 2067 2109 87687
1 3223 3224 3374
1 3299 2979 479697
1 3430 2356 73129
1 4872 5487 6891
1 5506 3642 64014
1 3670 5714 1595313
1 918 5881 354413
1 918 5881 70076
1 4872 1752 2940
1 4872 1752 6891
1 4872 1752 5487
1 6148 2248 6940
1 4872 2940 6891
1 4872 2940 5487
1 3335 7706 327360
1 8158 3694 33526
1 8158 3694 8232
1 8158 3694 8232
1 8158 3694 9345
1 8158 3694 9345
1 8158 3694 9345
1 8158 3694 9345
1 8158 3694 33526
1 8158 3694 8232
1 8158 3694 8232
1 8158 3694 9345
1 8158 3694 9345
1 8158 3694 9345
1 8158 3694 9345
1 5149 7909 164182
1 9001 8997 11644
1 9001 4327 11644
1 9001 4327 8997
1 8657 9077 158212
1 8657 9077 26546
1 8158 9345 33526
1 8158 9345 33526
1 8158 9345 33526
1 8158 9345 33526
1 3005 1496 573288
1 3005 1496 548406
1 3005 1496 14606
1 9819 9236 942676
1 9819 9236 626926
1 9819 9236 425875
1 9819 9236 635580
1 9819 9236 205544
1 2123 9898 82634
1 2123 9898 137813
1 2123 9898 24479
1 2123 9898 10712
1 9928 8143 166090
1 9138 2127 7829
1 2123 10712 82634
1 2123 10712 137813
1 2123 10712 24479
1 10632 10804 41405
1 7527 10784 14125
1 7527 10784 12321
1 10376 662 12132
1 10376 662 12132
1 11098 11560 260456
1 503 601 7993
1 503 601 7718
1 503 601 705
1 503 705 7993
1 503 705 7718
1 980 981 3408
1 1129 1134 1330
1 677 1212 5714
1 1855 1132 512593
1 1855 1132 2742
1 1616 984 589571
1 2468 2469 530283
1 2468 2469 571633
1 2468 2469 353891
1 2468 2469 27655
1 2473 2471 52270
1 668 2516 6485
1 668 2516 2518
1 668 2518 6485
1 680 967 5521
1 680 967 4001
1 1254 2586 120566
1 1254 2586 120566
1 1254 2586 120566
1 1254 2586 120566
1 1855 2742 512593
1 2473 2471 52270
1 3065 3005 265539
1 3200 3201 56977
1 3525 1966 169250
1 1989 3951 5125
1 1989 3951 4002
1 1989 3951 3991
1 1989 3951 3991
1 1989 3991 5125
1 1989 3991 4002
1 1989 3991 5125
1 1989 3991 4002
1 680 4001 5521
1 1989 4002 5125
1 4309 4314 4518
1 4146 2839 89210
1 4146 2839 324199
1 5385 5386 690336
1 5385 5386 5765
1 5243 5429 5627
1 5385 5765 690336
1 3402 5206 20597
1 1355 955 200622
1 6641 7257 11056
1 980 212 3408
1 980 212 981
1 503 7718 7993
1 5940 8907 1173024
1 5940 8907 22564
1 6715 9815 133047
1 9951 8189 10017
1 7341 9971 11819
1 2644 9797 24455
1 8711 11465 13003
1 11789 12134 626769
1 11789 12134 24978
1 11789 12134 16647
1 2644 6973 24455
1 2644 6973 9797
1 2644 6973 24455
1 2644 6973 9797
1 11704 12345 24098
1 11704 12345 70090
1 747 748 6250
1 1508 1509 46482
1 1508 1509 763361
1 1508 1509 96202
1 1508 1509 20295
1 1508 1509 4843
1 1508 1461 46482
1 1508 1461 763361
1 1508 1461 96202
1 1508 1461 20295
1 1508 1461 4843
1 1508 1461 1509
1 2698 2695 5798
1 2698 2695 9253
1 2698 2695 3026
1 2698 3026 5798
1 2698 3026 9253
1 3158 606 494324
1 3158 606 16013
1 3158 606 1041
1 3158 606 5713
1 3258 1966 48098
1 3507 968 7733
1 4493 4367 424468
1 4493 4367 70044
1 1508 4843 46482
1 1508 4843 763361
1 1508 4843 96202
1 1508 4843 20295
1 4909 4359 77114
1 4909 4359 77114
1 4909 4359 15891
1 5330 5334 478513
1 5330 5334 32432
1 5330 5334 32432
1 3085 1989 5671
1 4909 2418 77114
1 4909 2418 77114
1 4909 2418 15891
1 4909 2418 4359
1 4490 2005 4339
1 5749 4319 520720
1 5749 4319 13601
1 6263 6264 1618159
1 3716 4738 233658
1 3716 4738 73661
1 6552 3661 16796
1 2916 6010 18056
1 4523 8039 478039
1 6132 1405 36423
1 8763 8586 21595
1 10488 10363 21970
1 10738 10744 970413
1 10738 10744 62456
1 8139 5136 164474
1 11085 10834 19982
1 3158 5713 494324
1 3158 5713 16013
1 11944 11943 237294
1 11077 12286 1203466
1 11077 12286 1230436
1 11077 12286 19118
1 11077 12286 19118
1 6788 9230 30776
1 18133 1056 500225
1 330 349 17285
1 330 349 17285
1 1101 1063 670348
1 1101 1063 384685
1 1780 1781 26001
1 1780 1781 12284
1 1780 1781 9136
1 1780 1781 9136
1 2412 2413 3060
1 2412 2413 4144
1 2412 2413 3725
1 2412 2413 3725
1 2412 2413 3725
1 2993 2996 775520
1 2993 2996 384800
1 2993 2996 196208
1 2412 3725 4144
1 2412 3725 4144
1 2412 3725 4144
1 2412 3060 4144
1 2412 3060 3725
1 2412 3060 3725
1 2412 3060 3725
1 3522 4376 108983
1 3522 4376 193702
1 1832 4545 4568
1 1832 4545 4568
1 3956 5260 8985
1 3956 5260 13400
1 3522 3125 108983
1 3522 3125 193702
1 3522 3125 4376
1 3182 5499 12772
1 6239 5858 550796
1 6239 5858 6582
1 6239 6582 550796
1 7824 7825 702736
1 7824 7825 702736
1 7951 2948 67609
1 8303 5714 510767
1 8303 5714 510767
1 8303 5714 7287
1 6660 8199 1137254
1 6660 8199 33632
1 6660 8199 14027
1 3887 8554 182170
1 3887 8554 17013
1 3887 8554 23840
1 3887 8551 182170
1 3887 8551 17013
1 3887 8551 23840
1 3887 8551 8554
1 8621 8165 976737
1 8621 8165 441077
1 8303 7287 510767
1 8303 7287 510767
1 8964 642 287916
1 8964 642 1608743
1 8964 642 936098
1 4629 3357 4767
1 1780 9136 26001
1 1780 9136 12284
1 1780 9136 26001
1 1780 9136 12284
1 9191 9236 901882
1 9191 9236 1450833
1 9191 9236 1450833
1 9969 10114 51242
1 4139 995 1383475
1 4139 995 3861
1 10149 10206 254426
1 10149 10206 76246
1 10149 10206 58608
1 10149 10206 19812
1 9985 10857 153147
1 10900 10901 229165
1 10077 818 10509
1 10077 818 8276
1 10077 8276 10509
1 11323 10187 63007
1 11323 10187 63007
1 6660 5050 1137254
1 6660 5050 33632
1 6660 5050 14027
1 6660 5050 8199
1 7443 8391 461447
1 7443 8391 270646
1 729 1098 10813
1 10983 12094 26873
1 1780 12284 26001
1 6530 5188 31750
1 983 984 4095
1 983 984 986
1 983 986 4095
1 1930 1931 1324375
1 1930 1931 101377
1 1930 1931 2591
1 2182 788 992792
1 2182 788 992792
1 2458 2459 3686
1 1930 2591 1324375
1 1930 2591 101377
1 1401 3162 35767
1 1401 3162 3656
1 1401 3051 35767
1 1401 3051 3656
1 1401 3051 3162
1 2723 3608 1133270
1 1401 3656 35767
1 2458 1744 3686
1 2458 1744 2459
1 558 4053 1088407
1 558 4053 5629
1 3026 4116 8155
1 3706 4513 56532
1 606 2303 399644
1 4594 5282 13634
1 4594 5282 10252
1 4594 5282 5770
1 2454 5484 712860
1 2454 5484 712860
1 2454 5484 10674
1 5633 5066 95411
1 5633 5066 25082
1 5633 5066 25082
1 4594 5770 13634
1 4594 5770 10252
1 5485 6877 1238332
1 5485 6877 1263462
1 5485 6877 125674
1 5485 6877 36403
1 5485 6877 7521
1 5485 2375 1238332
1 5485 2375 1263462
1 5485 2375 125674
1 5485 2375 36403
1 5485 2375 7521
1 5485 2375 6877
1 5485 7521 1238332
1 5485 7521 1263462
1 5485 7521 125674
1 5485 7521 36403
1 8274 8148 47401
1 8274 8148 237410
1 8274 8148 11055
1 6387 8934 523183
1 6387 8934 824900
1 6387 8934 13075
1 9377 1304 212884
1 7391 3643 54589
1 2454 10674 712860
1 2454 10674 712860
1 4594 10252 13634
1 8027 10754 12686
1 8274 11055 47401
1 8274 11055 237410
1 152 153 179
1 653 1897 138996
1 2989 3010 3170
1 2989 3010 3169
1 2989 3169 3170
1 3853 2303 239259
1 3413 4189 20404
1 3413 4189 20404
1 4149 4304 124638
1 4149 4304 124638
1 3853 2303 239259
1 4828 4727 77928
1 3371 4896 1064665
1 3371 4896 447349
1 3371 4896 692234
1 2821 4896 17725
1 932 2366 33787
1 932 2366 22903
1 932 2366 391732
1 932 2366 1024839
1 932 2366 1078550
1 932 2366 781672
1 932 2366 763835
1 932 2366 5274
1 932 2366 33787
1 932 2366 22903
1 932 2366 391732
1 932 2366 1024839
1 932 2366 1078550
1 932 2366 781672
1 932 2366 763835
1 932 2366 5274
1 932 2366 33787
1 932 2366 22903
1 932 2366 391732
1 932 2366 1024839
1 932 2366 1078550
1 932 2366 781672
1 932 2366 763835
1 932 2366 5274
1 5398 5019 6008
1 6218 6408 579700
1 6218 6408 579700
1 6218 6408 6835
1 6218 6408 6666
1 6218 6666 579700
1 6218 6666 579700
1 6218 6666 6835
1 6218 6835 579700
1 6218 6835 579700
1 4721 735 420880
1 4721 735 420880
1 4721 735 241668
1 4721 735 420880
1 4721 735 420880
1 4721 735 241668
1 6037 7180 13125
1 932 5274 33787
1 932 5274 22903
1 932 5274 391732
1 932 5274 1024839
1 932 5274 1078550
1 932 5274 781672
1 932 5274 763835
1 6217 7449 36596
1 8152 784 16914
1 8152 784 16914
1 8152 784 16914
1 8447 7311 96721
1 8447 7311 16881
1 8389 8469 9030
1 8389 8469 8663
1 8389 8663 9030
1 1240 8855 8928
1 1240 8855 8928
1 9219 9084 1131854
1 9219 9084 632271
1 9219 9084 35039
1 3349 6075 30407
1 3349 6075 8901
1 9339 8934 1104945
1 9853 9591 471727
1 9853 9591 112359
1 9853 9591 112359
1 9853 9591 112359
1 9271 9337 152862
1 9271 9337 23985
1 9271 9337 11673
1 9271 9337 11672
1 9271 9337 152862
1 9271 9337 23985
1 9271 9337 11673
1 9271 9337 11672
1 11133 8485 38707
1 3349 8901 30407
1 11408 7748 24441
1 11408 7748 13811
1 9044 8087 48346
1 11146 9957 224606
1 11146 9957 224606
1 9271 11672 152862
1 9271 11672 23985
1 9271 11672 11673
1 9271 11673 152862
1 9271 11673 23985
1 9791 12099 22392
