1 2502 1484 13460
1 2550 1591 2901
1 3531 3532 106708
1 3531 3532 106844
1 3531 3532 4021
1 3531 4021 106708
1 3531 4021 106844
1 4839 4238 387257
1 3531 2250 106708
1 3531 2250 106844
1 3531 2250 4021
1 3531 2250 3532
1 5745 5928 126127
1 6572 5717 97508
1 6572 5717 75916
1 6572 5717 22426
1 6572 5717 12988
1 6572 5717 9727
1 7133 7161 85157
1 5338 7834 9127
1 7880 4209 8357
1 8930 9759 502606
1 8930 9759 54165
1 10247 2940 5580
1 10478 763 9017
1 10557 10573 11309
1 10557 10573 10595
1 10557 6717 11309
1 10557 6717 8305
1 10557 6717 10595
1 10557 6717 10573
1 10557 10595 11309
1 10833 4850 12867
1 10557 8305 11309
1 10557 8305 10595
1 10557 8305 10573
1 11116 7932 108162
1 11116 7932 20128
1 11116 7932 15470
1 6572 9727 97508
1 6572 9727 75916
1 6572 9727 22426
1 6572 9727 12988
1 11378 11855 130709
1 11378 11855 113353
1 11937 11536 1177020
1 11937 11536 335839
1 11937 11536 105892
1 12761 12144 1870303
1 12761 12144 12363
1 12761 12144 12635
1 12761 12144 12635
1 12761 12635 1870303
1 12761 12635 1870303
1 13013 12864 16161
1 13013 12864 26722
1 12761 12363 1870303
1 12761 12363 12635
1 12761 12363 12635
1 13013 8414 16161
1 13013 8414 26722
1 13013 8414 11050
1 13013 8414 12864
1 13013 11050 16161
1 13013 11050 26722
1 13013 11050 12864
1 13244 6966 9893
1 13563 12164 1473317
1 14159 13489 21645
1 14159 13489 15381
1 14608 14620 18351
1 14973 14841 187590
1 14973 14841 28278
1 14973 14841 61850
1 15001 14999 15057
1 15001 6535 15057
1 15001 6535 14999
1 14159 15381 21645
1 1694 15929 179701
1 1694 15929 79784
1 1694 15929 46035
1 1694 15929 16416
1 16263 15363 166121
1 1694 16416 179701
1 1694 16416 79784
1 1694 16416 46035
1 13182 17375 67436
1 18005 16392 77371
1 18005 16392 241191
1 18395 18020 18547
1 18395 10519 14697
1 18395 10519 18547
1 18395 10519 18020
1 18395 14697 18547
1 18395 14697 18020
1 2237 2107 29029
1 2221 1513 67067
1 2767 2768 780239
1 2767 2768 472921
1 2767 2768 780239
1 2767 2768 472921
1 3252 461 1883263
1 3252 461 40880
1 3252 461 10151
1 3252 461 5404
1 4201 4011 1742023
1 4201 4011 1679720
1 4201 4011 147640
1 4468 4394 2154456
1 4468 4394 82593
1 4468 4394 6543
1 4393 4407 2284764
1 4393 4407 1630673
1 5229 4468 23048
1 3252 5404 1883263
1 3252 5404 40880
1 3252 5404 10151
1 3672 5809 2065782
1 3672 5809 1502585
1 5907 5898 619018
1 6085 6041 6844
1 4468 6543 2154456
1 4468 6543 82593
1 6551 3129 7429
1 7194 7232 358401
1 7891 7892 466058
1 7891 7892 470967
1 4621 8066 104090
1 4621 8066 23461
1 8571 7865 10421
1 8571 7865 10393
1 8571 7865 9631
1 8571 9631 10421
1 8571 9631 10393
1 3252 10151 1883263
1 3252 10151 40880
1 8571 10393 10421
1 10992 10993 159298
1 10992 10993 76393
1 10546 9494 2432722
1 10546 9494 1952957
1 10546 9494 2415127
1 10546 9494 356790
1 10546 9494 42554
1 10974 11225 47758
1 10974 11225 89338
1 10974 11225 33576
1 11830 10519 158659
1 5982 1158 101841
1 5982 1158 6174
1 5982 6174 101841
1 10886 12399 18864
1 13532 13699 28597
1 13532 13699 32095
1 13431 12444 129502
1 15358 15060 86249
1 15801 15708 18713
1 16873 3604 572671
1 16873 3604 512021
1 16873 3604 256973
1 16798 17217 42562
1 17321 17319 1408238
1 17321 17319 1175079
1 17321 17319 1035424
1 17321 17319 413506
1 17426 14788 15088
1 17638 16000 436319
1 17638 16000 218318
1 17780 4194 200934
1 17780 3665 200934
1 17780 3665 4194
1 18536 13995 127057
1 1145 1166 1757286
1 1145 1166 309592
1 1145 1166 126299
1 1219 1218 198665
1 2019 2345 27211
1 2374 2361 5111
1 2729 823 2995
1 4026 3998 1022957
1 4541 4238 15885
1 4541 4238 11899
1 3578 6332 584575
1 3578 6332 790359
1 3578 6332 496801
1 3578 6332 529738
1 3578 6332 128111
1 7109 7095 1205276
1 7109 7095 12975
1 7109 7095 8762
1 7418 8036 205908
1 8074 6592 2223442
1 8449 3899 8457
1 8480 8742 1267137
1 6199 9820 14585
1 7109 8762 1205276
1 7109 8762 12975
1 10399 10398 59704
1 10399 10398 57398
1 9154 580 10629
1 4733 4433 5037
1 4541 11899 15885
1 12146 12145 68516
1 12146 12145 41590
1 12437 12438 424479
1 7109 12975 1205276
1 13556 13547 87615
1 15913 12197 82136
1 15858 16181 1921862
1 15858 16181 1606214
1 15858 16181 1883137
1 15858 16181 591804
1 15858 16181 273472
1 15858 16181 31466
1 16756 12763 29292
1 15421 4922 905044
1 17710 18022 37393
1 10509 18344 557240
1 10509 18344 554627
1 10509 18344 321375
1 3107 1176 2139
1 2995 640 49796
1 2995 640 9270
1 3552 3601 240816
1 3552 3601 2041048
1 3811 1770 6399
1 4457 4421 26944
1 4664 5030 10770
1 4664 5030 5192
1 4664 5192 10770
1 5984 4102 6038
1 6151 5494 6857
1 6151 5494 6319
1 6151 6319 6857
1 5860 6176 7266
1 4573 8924 11498
1 4573 8924 9939
1 2995 9270 49796
1 1124 6083 64395
1 9897 2836 2958
1 4573 9939 11498
1 2718 10633 532948
1 2718 10633 18087
1 11901 11896 413325
1 11901 11896 821339
1 11901 11896 81164
1 11901 11896 492466
1 11901 11896 525071
1 11358 11200 12875
1 11358 11200 15874
1 12052 7140 1154515
1 12349 12364 43118
1 12349 12364 12651
1 12349 12651 43118
1 14787 11573 66553
1 15014 7548 143187
1 3714 10333 130155
1 14836 15208 237078
1 17892 17891 18073
1 2718 18087 532948
1 17943 10190 1153029
1 11278 17840 507025
1 11278 17840 421913
1 11278 17840 29045
1 18650 18163 88289
1 18668 18664 2132671
1 18668 18664 2078044
1 18668 18664 1646881
1 18668 18664 336605
1 369 370 6040
1 2049 1970 11759
1 2049 1970 2076
1 2049 2076 11759
1 3921 3874 5315
1 4958 4951 1346021
1 5239 5311 5323
1 4930 5380 2007025
1 4930 5380 2335004
1 5858 381 108942
1 6219 4601 837267
1 6219 4601 572844
1 5967 6691 7834
1 7080 7131 7287
1 4476 6909 73322
1 7495 8972 14056
1 7495 8972 9634
1 7495 9634 14056
1 10583 6113 205212
1 10583 6113 188251
1 3077 8472 44712
1 1621 11553 11980
1 12036 12211 13264
1 12036 9943 13264
1 12036 9943 12211
1 10085 14224 34862
1 9754 14450 421573
1 12892 3202 141887
1 15636 15360 39209
1 4877 16833 35682
1 16117 17235 369678
1 16117 17235 372484
1 16117 17235 95540
1 17191 16339 881223
1 17191 16339 290872
1 17191 16339 290763
1 17191 16339 34901
1 17191 16339 17649
1 17465 13676 488382
1 17191 17649 881223
1 17191 17649 290872
1 17191 17649 290763
1 17191 17649 34901
1 17049 4784 15185
1 322 17772 802039
1 322 17772 169685
1 322 17772 27114
1 16200 18285 688805
1 16200 18285 31836
1 18254 15767 60921
1 16368 18545 2241805
1 16368 18545 344537
1 565 248 108481
1 3061 3077 3084
1 3862 2109 90607
1 3862 2109 31813
1 3862 2109 5683
1 5548 5601 8950
1 3862 5683 90607
1 3862 5683 31813
1 6285 4894 1314159
1 6285 4894 198684
1 6285 4894 23581
1 5903 7079 7822
1 5641 7095 8486
1 7163 7161 7185
1 7163 98 7185
1 7163 98 7161
1 7761 1086 774096
1 7761 1086 8827
1 3341 7793 83703
1 3341 7793 70092
1 8137 8132 8834
1 8137 8132 8834
1 8228 8161 2213474
1 8137 2229 5952
1 8137 2229 5964
1 8137 2229 8834
1 8137 2229 8834
1 8137 2229 8132
1 8490 3560 11158
1 8490 3560 8499
1 8490 8499 11158
1 4002 4089 943217
1 7761 8827 774096
1 8925 8955 951323
1 6726 3995 147634
1 11458 6332 193512
1 12639 10726 21549
1 12284 8161 1085297
1 8137 5964 8834
1 8137 5964 8834
1 8137 5964 8132
1 12739 14008 14684
1 11923 14657 14693
1 14783 15057 810551
1 15056 15060 65507
1 15056 15060 106539
1 15904 8806 694746
1 15904 8806 160529
1 15904 8806 272643
1 15930 15923 1832820
1 15930 15923 1023191
1 15930 15923 728896
1 15930 15923 412185
1 12739 3617 14684
1 12739 3617 14008
1 16582 16461 1638363
1 16582 16461 802664
1 15056 98 65507
1 15056 98 106539
1 15056 98 15060
1 18116 18244 30017
1 18116 18244 24071
1 18116 18244 18890
1 18116 18890 30017
1 18116 18890 24071
1 2024 1274 270602
1 2538 1836 50590
1 2538 1836 17001
1 1722 2824 3922
1 3283 2995 215979
1 3283 2995 112887
1 3283 2995 3008
1 3283 3008 215979
1 3283 3008 112887
1 4013 852 217879
1 3736 347 4926
1 3736 347 5311
1 3736 4926 5311
1 4600 6014 8587
1 4600 6014 8193
1 4600 6014 6631
1 4600 6631 8587
1 4600 6631 8193
1 6826 6821 9747
1 7793 4762 8192
1 8194 8180 988503
1 4600 8193 8587
1 7512 9052 61814
1 7342 8416 305125
1 7342 8416 484279
1 8193 9998 10066
1 8260 2485 11553
1 9973 10366 2311639
1 11055 11154 1272534
1 11055 11154 1261532
1 11055 11154 522250
1 11055 11154 153915
1 11055 11154 22339
1 12171 12174 12178
1 5882 13310 54716
1 5882 13310 22539
1 13520 12867 377004
1 14122 14241 1509995
1 8666 15647 451511
1 8666 15647 451501
1 8666 15647 63400
1 8666 15647 58323
1 10017 13942 25135
1 10017 13942 22052
1 15965 14841 15265
1 15965 14841 16267
1 15965 15265 16267
1 16752 16734 2058303
1 18587 18520 560171
1 18490 638 36475
1 18490 638 43248
1 2967 2927 339652
1 3897 3874 315819
1 3897 3874 367545
1 3897 3874 5145
1 3897 3874 3923
1 3897 3870 315819
1 3897 3870 367545
1 3897 3870 5145
1 3897 3870 3923
1 3897 3870 3874
1 3897 3923 315819
1 3897 3923 367545
1 3897 3923 5145
1 4027 4021 4094
1 4802 4797 302421
1 3897 5145 315819
1 3897 5145 367545
1 6713 4433 8704
1 6713 4433 6775
1 6713 6775 8704
1 6836 6827 6830
1 3491 3617 6568
1 9068 7786 70083
1 10996 11018 212314
1 10996 11018 287084
1 11299 8078 158887
1 11525 8102 53394
1 5487 11579 93338
1 5487 11579 1278717
1 10945 11200 11224
1 11787 8084 18883
1 11955 11765 11899
1 11963 11917 1360163
1 11963 11917 43677
1 11963 11917 41306
1 11956 11990 43297
1 11525 5878 53394
1 11525 5878 8102
1 14995 14318 15174
1 15041 6083 856956
1 15041 6083 614066
1 15041 6083 61166
1 11729 10515 15018
1 16377 5787 370200
1 16377 5787 792939
1 16377 5787 122765
1 16377 5787 16289
1 16377 16289 370200
1 16377 16289 792939
1 16377 16289 122765
1 614 12525 27411
1 16822 16342 16823
1 16822 12875 16342
1 16822 12875 16823
1 17435 15702 77533
1 17374 18121 18621
1 17374 5238 18621
1 17374 5238 18121
1 17813 18752 23354
1 17813 18752 23354
1 14116 18771 519775
1 14116 18771 452640
1 14116 18771 345178
1 14116 18771 344166
1 830 1521 517861
1 2361 1429 2035022
1 2361 1429 2029480
1 2361 1429 2024688
1 921 1934 10228
1 3832 3799 195327
1 3796 3892 882281
1 3796 3892 469926
1 3796 3892 38618
1 5057 5460 7561
1 7072 7073 423599
1 7072 7073 260714
1 7072 7073 172378
1 4563 7211 14935
1 4563 7211 11293
1 6902 6353 6893
1 6902 6353 6893
1 7851 7561 120271
1 7220 6592 206249
1 7750 8102 82726
1 7750 8102 82555
1 7750 8102 10635
1 7750 8102 10997
1 9363 9379 418984
1 9363 9379 93891
1 2847 8231 365520
1 4563 11293 14935
1 11369 11368 90934
1 11572 4757 155106
1 11618 11730 345098
1 11618 11730 345098
1 11369 5430 90934
1 11369 5430 11368
1 6902 5095 6353
1 6902 5095 6353
1 6902 5095 6893
1 12427 10530 705822
1 12427 10530 13187
1 12427 10530 705822
1 12427 10530 13187
1 12427 13187 705822
1 13626 4018 49130
1 13626 4018 420850
1 13991 5067 7261
1 11384 14768 150817
1 11384 14768 63952
1 13626 2009 49130
1 13626 2009 420850
1 13626 2009 4018
1 7246 15196 230638
1 7246 15196 39285
1 15897 7901 309306
1 15897 7901 1235624
1 16016 2729 259177
1 16016 2729 250657
1 16826 15266 396511
1 13964 11503 17998
1 17685 15836 37343
1 18804 17657 175949
1 4245 4191 24991
1 4245 4191 5358
1 4477 4457 27991
1 4506 4375 165008
1 4245 5358 24991
1 3009 5431 50399
1 3705 4223 644852
1 5736 4482 6156
1 5823 5832 5855
1 5856 5854 540739
1 5856 5854 585213
1 6441 5627 1663707
1 6441 5627 933058
1 6441 5627 158162
1 6441 5627 157939
1 6441 5627 6574
1 6441 6574 1663707
1 6441 6574 933058
1 6441 6574 158162
1 6441 6574 157939
1 4672 7351 613793
1 4672 7351 23973
1 7619 1572 1426441
1 7619 1572 84291
1 7619 1572 7308
1 7619 1572 8254
1 7619 1572 8341
1 7946 5280 201356
1 5425 6592 9762
1 8119 7195 131369
1 8119 7195 7282
1 8119 7282 131369
1 7619 8341 1426441
1 7619 8341 84291
1 7619 8254 1426441
1 7619 8254 84291
1 7619 8254 8341
1 8626 5945 7311
1 7619 7308 1426441
1 7619 7308 84291
1 7619 7308 8254
1 7619 7308 8341
1 7773 8194 287388
1 7570 9694 130580
1 3836 9701 10300
1 11196 7507 435837
1 10226 12093 425119
1 10226 12093 17784
1 12285 7221 137063
1 12285 7221 131638
1 13064 10667 1895006
1 3155 6984 9476
1 14506 9195 1402651
1 15103 14710 14945
1 15103 12370 14710
1 15103 12370 14945
1 13627 13633 2345267
1 13627 13633 220776
1 13627 13633 326387
1 13627 13633 83790
1 13627 13633 73791
1 15780 10601 820572
1 15780 10601 304459
1 15780 10601 621958
1 15780 10601 714313
1 15983 16444 16451
1 15983 16444 16451
1 2016 11329 208025
1 1516 17534 17737
1 18455 18874 21921
1 18455 18874 21917
1 540 461 364069
1 540 461 38857
1 540 461 11347
1 1181 1561 148597
1 1176 1930 387792
1 2217 2213 1364812
1 2217 2213 153483
1 2688 2969 1225710
1 4618 2235 80162
1 4618 2235 21605
1 4243 4581 384740
1 6539 6551 22323
1 1863 6714 9572
1 4243 2984 384740
1 4243 2984 4581
1 1890 7638 33055
1 7959 6719 1869862
1 7959 6719 610978
1 7959 6719 220502
1 8732 6429 28918
1 8732 6429 9055
1 5743 4476 47114
1 5743 4476 836905
1 5743 4476 88395
1 5743 4476 23494
1 11050 11046 495998
1 11992 12494 2002741
1 11992 12494 892820
1 11992 12494 255510
1 8732 9055 28918
1 12370 13085 76329
1 12370 13085 72275
1 13054 12671 371807
1 13054 12671 89510
1 9138 14781 15836
1 14313 14672 327916
1 14313 14672 327881
1 14313 14672 190336
1 14313 14672 327756
1 14313 14672 311493
1 8914 10646 15899
1 15804 13641 15808
1 540 11347 364069
1 540 11347 38857
1 16080 15720 15894
1 16151 8585 2066854
1 15958 13826 27115
1 16059 6942 16094
1 8914 8101 15899
1 8914 8101 10646
1 14246 16832 1366105
1 14246 16832 969760
1 14246 16832 17493
1 13631 16964 97223
1 13631 16964 59835
1 14246 17493 1366105
1 14246 17493 969760
1 297 1175 366348
1 297 1175 353198
1 1762 381 2279789
1 1762 381 967167
1 625 755 1937
1 1847 3017 151764
1 3133 1890 1419792
1 3133 1890 239281
1 3133 1890 3348
1 3133 3348 1419792
1 3133 3348 239281
1 5141 5151 6694
1 2650 5151 14462
1 4099 5423 6554
1 5682 5683 30940
1 5682 5683 31731
1 6397 6398 652459
1 6690 5668 1759303
1 6690 5668 1678102
1 6690 5668 314639
1 6690 5668 1163504
1 6690 5668 1063744
1 6690 5668 979394
1 7093 6905 481721
1 7093 6905 148196
1 7504 7512 901119
1 7920 3015 8066
1 7108 4162 1927194
1 7108 4162 2321453
1 7108 4162 2328390
1 7108 4162 49056
1 7108 4162 904128
1 8364 8389 10919
1 7267 8676 57861
1 8813 8796 1267320
1 9015 5982 9016
1 9585 9572 1380003
1 9571 6737 9742
1 9991 825 1086016
1 3464 4729 21769
1 12457 12346 12420
1 12084 1066 1790
1 4737 14003 37553
1 4737 14003 14012
1 4737 14012 37553
1 14318 13096 17302
1 13851 8231 12471
1 14312 15013 15647
1 15800 11573 15708
1 16251 8064 1203035
1 16324 6789 558344
1 16324 6789 149619
1 16324 6789 136285
1 16324 6789 146243
1 16324 6789 29651
1 17204 15410 226365
1 15039 17489 34665
1 15039 17489 27755
1 18352 18259 113847
1 18352 18259 25428
1 18649 18664 29769
1 18610 16712 1973509
1 3829 3120 5475
1 3829 3120 5081
1 3829 3120 4226
1 3829 4226 5475
1 3829 4226 5081
1 3829 5081 5475
1 5659 4171 514788
1 5659 4171 646179
1 5659 4171 55686
1 2383 5027 1262074
1 2383 5027 1257125
1 2383 5027 407156
1 2383 5027 5776
1 2383 5776 1262074
1 2383 5776 1257125
1 2383 5776 407156
1 5169 5041 2219878
1 5169 5041 256463
1 5169 5041 58402
1 6086 6076 124867
1 3917 6220 610193
1 3917 6220 540594
1 5004 6521 1419689
1 5004 6521 64210
1 5004 6521 34220
1 5004 6521 64685
1 6186 6909 1308687
1 6186 6909 160522
1 6186 6909 301729
1 8524 8481 11200
1 7355 8538 9716
1 8697 8693 1038087
1 7697 9071 80553
1 7697 9071 76279
1 7697 9071 79530
1 7697 9071 46552
1 8127 9572 56554
1 7477 7320 9127
1 9893 5357 10190
1 7355 8358 9716
1 7355 8358 8538
1 3991 1925 285164
1 3991 1925 208999
1 3991 1925 208999
1 3991 1925 104492
1 3991 1925 98081
1 3991 1925 66939
1 9891 2147 12023
1 12094 8990 9379
1 8127 208 56554
1 8127 208 9572
1 12909 10121 89550
1 12909 10121 13889
1 13202 12062 14809
1 13336 12399 255098
1 13336 12399 950360
1 13336 12399 1341431
1 13336 12399 287922
1 13336 12399 68962
1 13336 12399 22567
1 5749 13860 989995
1 5749 13860 878247
1 5749 13860 87190
1 14290 13941 1063919
1 14290 13941 2035917
1 14290 13941 14794
1 14704 13715 135388
1 14704 13715 14076
1 14290 14794 1063919
1 14290 14794 2035917
1 15101 14238 517803
1 15101 14238 15318
1 15101 15318 517803
1 14704 14076 135388
1 12544 16049 19975
1 12544 16049 613669
1 16983 14900 1113643
1 16983 14900 457477
1 17971 16688 155129
1 17971 16688 163446
1 18365 7509 135073
1 13190 5590 13754
1 13190 5590 25189
1 18583 4772 20691
1 18583 4772 21262
1 18625 638 787670
1 18625 638 20097
1 2485 2318 8113
1 2817 2912 400481
1 2378 1934 1068733
1 2378 1934 786256
1 4646 4238 4940
1 4679 4889 53907
1 5714 5727 1468742
1 5714 5727 1188229
1 5714 5727 1216276
1 5714 5727 24507
1 5714 5727 22948
1 6195 6339 6347
1 5207 6428 7079
1 6883 5911 294455
1 7363 7748 7929
1 7363 5430 7929
1 7363 5430 7748
1 2958 8553 222081
1 6612 10573 1059703
1 6612 10573 509566
1 6612 10573 142604
1 9658 11142 42503
1 9658 11142 24325
1 11340 11224 2040666
1 11340 11224 643379
1 9985 12051 311584
1 9985 12051 349916
1 9985 12051 536918
1 9985 12051 180069
1 12368 12399 391978
1 12368 12399 13414
1 11197 8572 12982
1 12368 7565 391978
1 12368 7565 13414
1 12368 7565 12399
1 11096 8416 13390
1 12368 13414 391978
1 14238 4719 185560
1 15162 16058 149693
1 15162 16058 1488107
1 15162 16058 31974
1 11991 16425 2168276
1 11991 16425 164850
1 11991 16425 92984
1 16643 16644 27671
1 16643 16644 281257
1 17224 8490 2045013
1 17224 8490 364413
1 17224 8490 207134
1 12768 17243 33351
1 17237 17839 19088
1 18064 18063 18423
1 2753 2927 139532
1 2753 2927 49611
1 2753 2927 19118
1 2753 2927 9242
1 3016 3359 6223
1 3144 3423 1513729
1 4335 5431 22627
1 4335 5431 7197
1 5474 5475 108288
1 5474 5475 16689
1 5474 5475 16689
1 2176 5568 21505
1 5830 5832 650252
1 5830 5832 645544
1 5830 5832 79415
1 5830 5832 88050
1 6357 6358 1876251
1 6357 6358 2192827
1 6357 6358 1858323
1 6428 4894 39047
1 5921 6602 6629
1 4620 3229 6750
1 4335 7197 22627
1 3867 5509 127331
1 3867 5509 16689
1 7826 7823 222208
1 7826 7823 1505738
1 7826 7823 181595
1 7826 7823 117445
1 8027 6592 146147
1 8531 4002 423759
1 8531 4002 305790
1 2753 9242 139532
1 2753 9242 49611
1 2753 9242 19118
1 9311 9078 10462
1 5633 10488 54350
1 10755 10753 94591
1 3875 10818 178652
1 10857 10853 104248
1 10690 11121 15194
1 10690 11121 23109
1 11457 9140 22923
1 11617 11651 630594
1 11617 5031 630594
1 11617 5031 11651
1 12378 11981 1152799
1 12378 11981 1167841
1 12378 11981 476217
1 12378 11981 115246
1 3483 11239 213701
1 12955 3661 9305
1 13143 4043 2186323
1 13143 4043 1234242
1 13143 4043 692054
1 13143 4043 125343
1 13143 4043 88058
1 9220 14727 60342
1 9220 14727 323368
1 9220 8724 60342
1 9220 8724 323368
1 9220 8724 14727
1 16166 3604 1149703
1 16166 3604 1192300
1 17513 17452 682119
1 14706 4784 23287
1 16675 17876 38427
1 16675 17876 761994
1 16675 17876 243570
1 16166 3604 1149703
1 16166 3604 1192300
1 15957 17323 35038
1 5663 18367 414518
1 5663 18367 39878
1 13766 7505 874958
1 5474 16689 108288
1 3867 16689 127331
1 5474 16689 108288
1 18659 9778 17579
1 763 261 49498
1 432 2027 2335897
1 432 2027 1208771
1 432 2027 1563621
1 2853 2956 19400
1 2655 3008 35247
1 4631 4194 346523
1 4631 4194 6592
1 4631 4194 6176
1 4945 4926 92820
1 4945 4926 6436
1 5387 5388 186901
1 4421 5598 10888
1 2763 5672 547749
1 2763 5672 5689
1 2763 5668 547749
1 2763 5668 5689
1 2763 5668 5672
1 2763 5689 547749
1 5692 4482 6208
1 6047 5776 9893
1 6047 5776 10722
1 6047 5776 9382
1 5576 6215 6719
1 4945 6436 92820
1 4421 5381 10888
1 4421 5381 5598
1 4631 6176 346523
1 4631 6176 6592
1 4631 6592 346523
1 8503 8499 819907
1 3201 9167 9335
1 3201 9167 9302
1 3201 9302 9335
1 6047 9382 9893
1 6047 9382 10722
1 9059 9533 1235764
1 9059 9533 918187
1 10282 8834 196339
1 10282 8834 1053669
1 10282 8834 504880
1 10282 8834 10780
1 10828 10818 20690
1 10918 5048 13638
1 11396 7006 1430232
1 11443 11444 14002
1 10282 10780 196339
1 10282 10780 1053669
1 10282 10780 504880
1 8586 11964 113120
1 12175 12174 25975
1 12527 12462 1421114
1 1625 10021 19500
1 12857 12082 38357
1 12893 12864 1894595
1 6047 9893 10722
1 13770 10247 14176
1 13770 6324 14176
1 13770 6324 10247
1 17064 13892 17216
1 17183 11192 12763
1 15494 10071 44362
1 15494 10071 42940
1 15494 10071 43012
1 17263 17676 100348
1 17263 17676 19026
1 14964 16610 405006
